<?xml version="1.0"?>
<opencv_storage>
<calibration_time>"Wed 03 Feb 2016 13:48:00 GMT"</calibration_time>
<nr_of_frames>25</nr_of_frames>
<image_width>640</image_width>
<image_height>480</image_height>
<board_width>3</board_width>
<board_height>6</board_height>
<square_size>30.</square_size>
<fix_aspect_ratio>1.</fix_aspect_ratio>
<!-- flags: +fix_aspectRatio +fix_principal_point +zero_tangent_dist -->
<flags>6158</flags>
<fisheye_model>0</fisheye_model>
<camera_matrix type_id="opencv-matrix">
  <rows>3</rows>
  <cols>3</cols>
  <dt>d</dt>
  <data>
    2.2551942511213497e+03 0. 3.1950000000000000e+02 0.
    2.2551942511213497e+03 2.3950000000000000e+02 0. 0. 1.</data></camera_matrix>
<distortion_coefficients type_id="opencv-matrix">
  <rows>5</rows>
  <cols>1</cols>
  <dt>d</dt>
  <data>
    -5.4316553215843533e-01 -2.6685669911708823e+02 0. 0.
    7.0417836245595527e+03</data></distortion_coefficients>
<avg_reprojection_error>8.4063874897118340e-01</avg_reprojection_error>
<per_view_reprojection_errors type_id="opencv-matrix">
  <rows>25</rows>
  <cols>1</cols>
  <dt>f</dt>
  <data>
    4.81050640e-01 1.70271790e+00 7.62060940e-01 5.24000525e-01
    8.65112484e-01 6.73469484e-01 5.86769462e-01 5.77071846e-01
    1.25294864e+00 2.71736562e-01 6.59655690e-01 3.27931911e-01
    3.69515628e-01 6.10514343e-01 6.19372129e-01 3.03537250e-01
    4.52934444e-01 8.11110854e-01 1.24592388e+00 8.87217045e-01
    1.28468728e+00 9.71144319e-01 8.76941919e-01 5.90013206e-01
    1.31031561e+00</data></per_view_reprojection_errors>
<extrinsic_parameters type_id="opencv-matrix">
  <rows>25</rows>
  <cols>6</cols>
  <dt>d</dt>
  <data>
    -3.4909645687965146e-01 -2.5369750574731598e-01
    1.5773484016451056e+00 7.2532787722973197e+01 1.0253811415530923e+02
    1.9897888304566218e+03 2.1094484028126123e-01 2.5890979453273566e-01
    1.6148713633182987e+00 5.0321006461373663e+01 8.9252829341226221e+00
    1.1086880107966522e+03 -2.3563597155563196e-01
    2.3646693056573040e-01 -1.4794907160989508e+00
    -1.2052893715127004e+02 6.3737151934386091e+01
    1.2094880119198313e+03 2.6350241723502177e-01 2.8782855341832592e-01
    1.5319450735222520e+00 5.4071525318807296e+01 7.4233636681685882e+00
    1.1962346499052319e+03 -1.6480948928367387e-01
    -1.4082798645887407e-01 1.6242538639929474e+00
    1.2564609069085603e+02 8.7756028791678261e+01 1.4368848659100679e+03
    1.9800547364653656e-01 1.5174128212929847e-01
    -2.9120498227670160e+00 1.3785345981715901e+02
    1.2377310488252701e+02 1.4445723001359067e+03 1.0739645497271369e-01
    -1.0470005883978240e-01 1.8084211837590203e-01
    1.5220877758456092e+02 -7.3758716711919661e+01
    1.4977173242028182e+03 2.5000698500730745e-01 4.7189048680242034e-02
    2.5244262714543764e-01 -1.4371037495681205e+02
    -2.8032051210062754e+01 1.4364837421011364e+03
    4.5903564187800766e-01 1.5261373799613343e-01 1.5400073200783626e+00
    -6.3206592419949343e+00 8.0268620139970665e+01
    1.5335747942178912e+03 1.8442609712332397e-01 7.5021766593595551e-02
    1.0434704506364580e-01 2.6024390120905241e+02
    -3.6120822526183587e+00 2.3656297148387548e+03
    1.8599041891191484e-01 2.1032711174574344e-02 9.4259315635476876e-02
    2.8236954511939462e+02 -2.5681702046361070e+00
    2.3813326440573637e+03 1.2314714433551856e-01 5.8710792767378193e-02
    1.2831074386221392e-01 2.1551315125788022e+02
    -1.4999199980379069e+01 2.0750214060627845e+03
    1.3502716411596655e-01 3.2540167677994870e-02 1.1219142629619287e-01
    2.1436267723398248e+02 -1.9142170304729351e+01
    2.0665254740903147e+03 1.6817248626147249e-01 5.1746929467475715e-02
    7.4489615493438896e-02 2.3055250655685023e+02
    -1.8287349922608801e+01 2.0171744039290757e+03
    1.7691592103308232e-01 5.1678943167300380e-02 7.3869259042111543e-02
    2.2873734575651349e+02 -1.9478826535515829e+01
    2.0139992417695128e+03 2.7553170919586362e-01
    -2.6448447763122279e-01 -1.3955277106245834e+00
    -2.0744768988922065e+01 -5.2964732356253023e+01
    1.2708475486779521e+03 2.6992334392894823e-01
    -2.3444050354486762e-01 -1.2934289497449611e+00
    -5.6748709730453243e+01 -6.9723824427594792e+01
    1.2952855801534661e+03 1.8465233123423208e-01 5.8461918711965613e-02
    1.7778307054799511e+00 3.8231812624025565e+01 7.2925373833403754e+01
    1.7143236658774326e+03 4.0250086772085170e-01
    -2.1302314388774729e-01 -8.5483169341614518e-01
    2.3927674617993080e+01 -8.4950219685750625e+01
    1.3301165862884216e+03 -3.3803706257122666e-02
    -4.7737860614828659e-01 1.7349517555188982e+00
    2.2006939810731345e+02 -8.5148389242581279e-01
    2.0849962733419525e+03 3.6937975303894321e-01
    -1.9062114070491615e-01 2.9630221027940506e+00
    -5.9107415428836774e+01 2.6969356273618526e+01
    1.4715280905880215e+03 -5.0470896919919439e-01
    3.7335782685167118e-01 -2.4616542767572729e+00
    -2.0062965730789676e+02 -4.5039133962705984e+00
    1.7739753566288680e+03 -2.7675588945422755e-02
    -7.8852743936924624e-02 5.8806855198997388e-01
    1.3028422713421685e+02 -4.0812363162912476e+01
    1.4428441515753013e+03 2.6697240506527192e-01 1.5790932624576212e-01
    3.4995379154050466e-01 1.1095415362938071e+02
    -3.7341793050590688e+01 1.4094710985541958e+03
    3.5379917557325835e-01 -2.2442979886742870e-01
    -1.3345622616072732e+00 -4.3506584273021531e+01
    -6.8020994680505694e+01 1.2290686527356852e+03</data></extrinsic_parameters>
