<?xml version="1.0"?>
<opencv_storage>
<calibration_time>"Wed 03 Feb 2016 12:43:50 GMT"</calibration_time>
<nr_of_frames>25</nr_of_frames>
<image_width>640</image_width>
<image_height>480</image_height>
<board_width>6</board_width>
<board_height>3</board_height>
<square_size>100.</square_size>
<fix_aspect_ratio>1.</fix_aspect_ratio>
<!-- flags: +fix_aspectRatio +fix_principal_point +zero_tangent_dist -->
<flags>6158</flags>
<fisheye_model>0</fisheye_model>
<camera_matrix type_id="opencv-matrix">
  <rows>3</rows>
  <cols>3</cols>
  <dt>d</dt>
  <data>
    1.5291911777969488e+03 0. 3.1950000000000000e+02 0.
    1.5291911777969488e+03 2.3950000000000000e+02 0. 0. 1.</data></camera_matrix>
<distortion_coefficients type_id="opencv-matrix">
  <rows>5</rows>
  <cols>1</cols>
  <dt>d</dt>
  <data>
    -1.6154266896112421e+00 2.1206925622311836e+01 0. 0.
    -1.5133885299245787e+02</data></distortion_coefficients>
<avg_reprojection_error>8.9467875240772587e-01</avg_reprojection_error>
<per_view_reprojection_errors type_id="opencv-matrix">
  <rows>25</rows>
  <cols>1</cols>
  <dt>f</dt>
  <data>
    1.03393877e+00 1.04116940e+00 6.72722757e-01 8.16496313e-01
    7.44779885e-01 8.12098861e-01 6.34454191e-01 6.53157890e-01
    1.18472433e+00 1.17759526e+00 1.91978443e+00 4.30917352e-01
    5.59428334e-01 4.41738188e-01 4.86729473e-01 1.07040167e+00
    1.30446148e+00 8.80325615e-01 6.61385059e-01 6.89356804e-01
    7.15394557e-01 7.17627525e-01 7.28177309e-01 7.38831818e-01
    8.06948781e-01</data></per_view_reprojection_errors>
<extrinsic_parameters type_id="opencv-matrix">
  <rows>25</rows>
  <cols>6</cols>
  <dt>d</dt>
  <data>
    7.6578136188338225e-02 -1.0452992272191526e-01
    2.8894724122840942e-02 -2.3343270738131929e+02
    7.5874575648578437e+00 2.5649646179724659e+03 1.9003684795683981e-01
    1.5500868995150713e-02 -3.1055266650883260e+00
    2.2600824542357631e+02 1.5674637898593102e+02 2.4754651996269713e+03
    6.9436688854934037e-02 2.0063251234724311e-01
    -1.4793813128830671e-02 -4.1907143401496711e+02
    2.5479842148931603e+01 2.5940860455948946e+03 8.3201055152974074e-02
    1.9892574587279074e-01 -2.7606590407336099e-02
    -4.3727092395162629e+02 4.5312150921790042e+01
    2.6056026165080398e+03 6.7840944382301510e-02 2.1018881816109497e-01
    -2.7910059756737111e-02 -4.4133711961045708e+02
    5.2988543263807166e+01 2.6237809509952326e+03 8.0049902901128067e-02
    2.1608659051663143e-01 -2.5243110841769216e-02
    -4.4936527786094837e+02 6.2993891426254905e+01
    2.6236159176793844e+03 -1.3694377667989652e-01
    2.6080644309948448e-01 1.7050968297538251e-02
    -5.6709871664824755e+02 -3.6672541217021768e+02
    3.1297393072278060e+03 -4.6294749816746320e-02
    -1.2532031897100421e-01 -2.1279836051932718e-02
    -7.9384610820866442e+01 -2.8835976380094195e+02
    2.9678567784146908e+03 -1.8416945507931953e-01
    -3.0901003966938190e-01 -4.4260517544076443e-02
    1.3237586213086280e+02 -3.9987431624039874e+02
    3.0064281608846454e+03 -1.6266057260826602e-01
    -3.2865228287007825e-01 -5.1233972542583196e-02
    1.3427762470563181e+02 -3.7517324440981139e+02
    2.9905108680081917e+03 1.5516642648068277e-01
    -3.5564677755397150e-01 6.1324756138440649e-02
    1.1308038405894204e+02 2.8987668718380235e+02 3.1447331095791801e+03
    4.3464866844415959e-02 -2.3762382698522960e-01
    -1.5599481836788384e-01 2.6283814352258980e+02
    3.7906926564284350e+02 3.8545231452573348e+03
    -1.5373257335254481e-01 2.4560294651750844e-01
    -1.5946650221152503e+00 -4.6837579439929232e+02
    2.3508845747800839e+02 3.4009428136234555e+03
    -1.6189148420105101e-01 2.3058113055900606e-01
    -1.5733559089067735e+00 -4.2326878474106303e+02
    3.6965004921216286e+02 3.4774344043921810e+03
    -1.5545931703738822e-01 2.3348333120401291e-01
    -1.5787218036808279e+00 -4.2893726956984483e+02
    3.7127224486955134e+02 3.4769740820810075e+03 3.6824552706199426e-01
    -1.1186034683088600e-01 -1.4942807544913108e+00
    4.1378812012279968e+02 4.5962535760622103e+02 3.5919048622654632e+03
    3.4445764028112463e-01 2.3398921511791773e-01 1.5480057223933006e+00
    -6.1115936261007043e+01 -2.6878825151016321e+02
    2.6139336849350279e+03 3.1408155046181618e-01 1.0428711493394624e-01
    3.1019990526037682e+00 1.7918359957323540e+02 1.4942674441867692e+02
    2.2297738781017611e+03 2.6745455926898049e-01 6.0781558882180016e-02
    3.1132742886518683e+00 1.9232838851689206e+02 1.4149322402614550e+02
    2.2721888861191310e+03 2.6399849362455746e-01 3.2133207782573933e-02
    3.1161096327349558e+00 1.9405779386756993e+02 1.4539434179141929e+02
    2.2683089294097895e+03 2.6162971586598399e-01 2.4457971893071691e-02
    3.1178301358131892e+00 1.9326547341112035e+02 1.4676851787364873e+02
    2.2774191610814355e+03 2.5542407115015808e-01 1.8617963211018607e-02
    3.1197733222299870e+00 1.9367193279474154e+02 1.4749645936712056e+02
    2.2781140046911319e+03 2.5849303097209586e-01 2.1097043393517683e-02
    3.1257155925786280e+00 1.9608663929031096e+02 1.5048234711692470e+02
    2.2795488876897798e+03 -2.4571156941997568e-01
    -2.6455228454957565e-02 -3.1312706910240435e+00
    1.9855975394061556e+02 1.5239402925354972e+02 2.2893743180504907e+03
    -2.2076106337306484e-01 -9.2185630378464733e-03
    -3.1276640540354896e+00 2.0347962024680899e+02
    1.5333977440556035e+02 2.3030594174308867e+03</data></extrinsic_parameters>
