<?xml version="1.0"?>
<opencv_storage>
<calibration_time>"Tue 02 Feb 2016 15:53:09 GMT"</calibration_time>
<nr_of_frames>30</nr_of_frames>
<image_width>640</image_width>
<image_height>480</image_height>
<board_width>4</board_width>
<board_height>11</board_height>
<square_size>10.</square_size>
<fix_aspect_ratio>1.</fix_aspect_ratio>
<!-- flags: +fix_aspectRatio +fix_principal_point +zero_tangent_dist -->
<flags>6158</flags>
<fisheye_model>0</fisheye_model>
<camera_matrix type_id="opencv-matrix">
  <rows>3</rows>
  <cols>3</cols>
  <dt>d</dt>
  <data>
    1.2293421743386600e+03 0. 3.1950000000000000e+02 0.
    1.2293421743386600e+03 2.3950000000000000e+02 0. 0. 1.</data></camera_matrix>
<distortion_coefficients type_id="opencv-matrix">
  <rows>5</rows>
  <cols>1</cols>
  <dt>d</dt>
  <data>
    -1.7999376527758997e+00 5.1413245115260182e+01 0. 0.
    -5.4620742377691533e+02</data></distortion_coefficients>
<avg_reprojection_error>6.0527882511872544e-01</avg_reprojection_error>
<per_view_reprojection_errors type_id="opencv-matrix">
  <rows>30</rows>
  <cols>1</cols>
  <dt>f</dt>
  <data>
    2.91062921e-01 2.89114982e-01 4.25912738e-01 4.49867874e-01
    6.45902634e-01 7.88403273e-01 9.48671579e-01 2.12720364e-01
    6.31363451e-01 8.46880436e-01 1.26154554e+00 8.73476803e-01
    5.18885851e-01 3.89216989e-01 1.42679065e-01 2.12783843e-01
    2.05841675e-01 1.65326670e-01 7.43092060e-01 1.59976408e-01
    1.11266136e+00 3.27156454e-01 1.44600704e-01 4.30805534e-01
    1.74424410e-01 5.01223326e-01 6.40684247e-01 3.03753793e-01
    9.69789326e-01 7.57774651e-01</data></per_view_reprojection_errors>
<extrinsic_parameters type_id="opencv-matrix">
  <rows>30</rows>
  <cols>6</cols>
  <dt>d</dt>
  <data>
    3.2551346627309907e-01 -6.1092404572995786e-02
    2.9430364853693392e+00 -2.8118946548203123e+00
    7.9402354322143609e-01 1.6201406513553970e+03 3.1639057091855305e-01
    -8.0236149896192058e-02 2.9379137566299249e+00
    -5.5646384273723803e-01 1.1539459308711359e+00
    1.5511753160460078e+03 3.8282889343355603e-01
    -4.1381921656407201e-02 3.0729359765561091e+00
    -1.8817751057061338e+02 2.0340367736220895e+01
    1.4979836214667528e+03 -4.5091281574362441e-01
    8.3803203232114543e-02 3.0829660638979712e+00 2.2913162538736475e+02
    -2.1697372004615481e+01 1.4817945232911138e+03
    6.6686467511413022e-02 6.5195129686567294e-02 1.6076012778895408e+00
    -1.8055315973896580e+01 1.0244029009397843e+02
    1.5964701439021085e+03 8.3769668659588348e-02 1.5333742197278838e-01
    1.5687300733598544e+00 -2.7187105680050500e+01
    -2.1360566949611959e+02 1.5895058063767754e+03
    -1.6970463207116182e-01 -1.5431707377363132e-01
    1.5339339715793847e+00 6.2958718154583913e+01 3.3173666707804184e-01
    1.6367539671473335e+03 -1.8858219282138841e-01
    -1.9314965761207084e-01 1.5193472582583583e+00
    5.7393872346176558e+01 1.0951017764317264e+01 1.5498790053315263e+03
    1.3432333076276312e-01 1.9224797811720118e-01 1.6228259619258971e+00
    -2.2889825282464798e+02 -6.8717489805319815e+01
    1.5378231255230155e+03 -1.8143818059521774e-01
    -2.5717658273832483e-01 1.5979446835691586e+00
    2.6265580777087695e+02 -2.5024898079206860e+01
    1.5069271377834100e+03 -5.6973632979695299e-01
    -3.6255972240618928e-01 1.5525604992207775e+00
    -2.2773747896961140e+02 1.8168878421896540e+01
    1.5750607940919867e+03 3.0087022058339730e-01 2.6149704504325832e-01
    1.4761540175232362e+00 -2.3770415397045619e+02
    4.9544463144234840e+01 1.4645095681849828e+03
    -2.0082240555084413e-01 -1.0656176718339611e-01
    1.3529905944223242e+00 2.1475168329691986e+01
    -1.7386776486358141e+02 1.6132632040465194e+03
    -1.3802773505404570e-01 -9.1875781631992837e-02
    1.4445723969504403e+00 2.5604531950936021e+01
    -1.6297062714339236e+02 1.5937847510224715e+03
    -2.1663938101001595e-01 -1.6788856072367708e-01
    1.5006469526589428e+00 2.4733581025105380e+01
    -9.0769783002491984e+00 1.5991205389954298e+03
    1.0237626966828642e-01 2.6622072411227438e-01 1.5189377217675701e+00
    2.5806093838622747e+01 1.1937874242326653e+02 1.5900057987361147e+03
    -1.9329372133241263e-01 -1.2891568202072365e-01
    1.5317638052753284e+00 2.4235743066270523e+01 1.2787187436341766e+02
    1.6007138225868823e+03 -1.9859974345260548e-01
    -8.5725262079772491e-02 1.5254748574899590e+00
    2.7445446490220569e+01 1.3092591457929385e+02 1.6055293213253467e+03
    -2.5133300191235008e-01 -2.9474630944797336e-01
    1.4945806084158755e+00 3.1754761034106400e+02
    -1.4831436167493063e+01 1.5001147444704166e+03
    -1.8161831521748328e-01 -1.6750331766917109e-01
    1.4877052228566578e+00 5.1500327144915509e+01
    -3.7013236367263765e+01 1.4762748663571520e+03
    2.2841787261849572e-01 2.6028259146906280e-01 1.5271392682303946e+00
    -2.3477267430732135e+02 -1.6506213823222627e+01
    1.5280268751150202e+03 3.5325020662796344e-02 1.0765710106698612e-01
    5.8537373849050622e-01 -2.8625612697921741e+02
    -6.4070316411882885e+01 1.5693273468782279e+03
    6.8121797037589190e-03 2.0422136206863067e-01 1.1454369492378890e-02
    -4.3016224699770717e+01 -5.0954810793621107e+01
    1.5993022415952967e+03 -1.5048899936322793e-01
    -1.6810161995619771e-01 1.5700071661271509e+00
    3.2742618828448919e+01 1.4183126424391227e+02 1.5713944985055221e+03
    -1.9986434907281928e-02 -1.4015153558088198e-01
    1.5662301955222402e+00 3.7843835659443670e+01 1.5392689486938389e+02
    1.5459385251649589e+03 -2.3185273470963197e-01
    -1.4452815779234141e-01 1.5256072582895719e+00
    8.7625984798549879e+01 -1.8526736050937259e+02
    1.5910833032839723e+03 -2.9809396016652406e-01
    -8.4091171876079368e-02 3.1173074362069233e+00
    1.6146765343808934e+02 1.5030738171153718e+02 1.5727666845987214e+03
    -2.7586013732084669e-01 -4.9411309566373018e-02
    3.1156845104755670e+00 1.5391681424703430e+02 1.2824440452491882e+02
    1.5544930275611132e+03 9.0587365470323547e-02 2.9495053571967311e+00
    -1.0098021963732494e-01 6.7293288635947519e+01
    -1.9996117848018315e+02 1.6132601978471725e+03
    8.3012039954779390e-02 2.4045489012645907e-01 1.5509498512930537e+00
    -1.1836336155946525e+02 -1.1183488743023918e+02
    1.5240583547607032e+03</data></extrinsic_parameters>
